{
 "cells": [
  {
   "cell_type": "code",
   "execution_count": 2,
   "metadata": {},
   "outputs": [
    {
     "name": "stdout",
     "output_type": "stream",
     "text": [
      "Weights:\n",
      "[1.]\n",
      "Means:\n",
      "[[4.57000000e-01 4.96500000e-01 9.05941988e-17 1.03800000e+00\n",
      "  1.56319402e-16 8.10500000e-01 7.39000000e-01]]\n",
      "Covariances:\n",
      "[array([[ 0.248152  ,  0.1410995 , -0.09110362,  0.073134  , -0.09721172,\n",
      "        -0.0643985 , -0.121723  ],\n",
      "       [ 0.1410995 ,  0.24998875, -0.10658656,  0.112133  , -0.03676296,\n",
      "        -0.00941325, -0.0394135 ],\n",
      "       [-0.09110362, -0.10658656,  1.000001  ,  0.39252071,  0.34061016,\n",
      "         0.06919792,  0.09727749],\n",
      "       [ 0.073134  ,  0.112133  ,  0.39252071,  0.359557  ,  0.13998878,\n",
      "         0.024701  ,  0.016918  ],\n",
      "       [-0.09721172, -0.03676296,  0.34061016,  0.13998878,  1.000001  ,\n",
      "         0.43435891,  0.39875699],\n",
      "       [-0.0643985 , -0.00941325,  0.06919792,  0.024701  ,  0.43435891,\n",
      "         0.40759075,  0.2965405 ],\n",
      "       [-0.121723  , -0.0394135 ,  0.09727749,  0.016918  ,  0.39875699,\n",
      "         0.2965405 ,  0.65988   ]])]\n",
      "Log like:-11747.20479629991\n",
      "Log like:-11747.20479629991\n",
      "Component: 1\n",
      "BIC: 23502.01049505936\n",
      "AIC: 23496.40959259982\n",
      "Weights:\n",
      "[0.49432966 0.50567034]\n",
      "Means:\n",
      "[[ 0.60174133  0.53497732 -0.13776099  1.00909093 -0.52307713  0.42144918\n",
      "   0.        ]\n",
      " [ 0.31550478  0.45888561  0.13467142  1.06626073  0.51134607  1.19082558\n",
      "   1.46142644]]\n",
      "Covariances:\n",
      "[array([[ 2.39649701e-01,  1.12931043e-01, -6.19342262e-02,\n",
      "         7.23919616e-02, -5.10066972e-03, -5.87590536e-03,\n",
      "         0.00000000e+00],\n",
      "       [ 1.12931043e-01,  2.48777587e-01, -9.38436888e-02,\n",
      "         1.01315490e-01,  1.99650983e-02,  2.52875926e-02,\n",
      "         0.00000000e+00],\n",
      "       [-6.19342262e-02, -9.38436888e-02,  8.34691963e-01,\n",
      "         3.36210019e-01,  1.53786930e-01, -2.26927382e-02,\n",
      "         0.00000000e+00],\n",
      "       [ 7.23919616e-02,  1.01315490e-01,  3.36210019e-01,\n",
      "         3.12405067e-01,  9.54871749e-02,  1.17974364e-03,\n",
      "         0.00000000e+00],\n",
      "       [-5.10066972e-03,  1.99650983e-02,  1.53786930e-01,\n",
      "         9.54871749e-02,  4.80893483e-01,  2.27722683e-01,\n",
      "         0.00000000e+00],\n",
      "       [-5.87590536e-03,  2.52875926e-02, -2.26927382e-02,\n",
      "         1.17974364e-03,  2.27722683e-01,  2.74135143e-01,\n",
      "         0.00000000e+00],\n",
      "       [ 0.00000000e+00,  0.00000000e+00,  0.00000000e+00,\n",
      "         0.00000000e+00,  0.00000000e+00,  0.00000000e+00,\n",
      "         1.00000000e-06]]), array([[ 0.21596252,  0.15786961, -0.08107094,  0.08194865, -0.04089105,\n",
      "        -0.01274553, -0.03393127],\n",
      "       [ 0.15786961,  0.24831061, -0.10879628,  0.12485831, -0.05330959,\n",
      "        -0.01439624, -0.02297241],\n",
      "       [-0.08107094, -0.10879628,  1.12491379,  0.43986939,  0.38393626,\n",
      "         0.05541473, -0.00443904],\n",
      "       [ 0.08194865,  0.12485831,  0.43986939,  0.4040358 ,  0.1542588 ,\n",
      "         0.02595161, -0.00784439],\n",
      "       [-0.04089105, -0.05330959,  0.38393626,  0.1542588 ,  0.97851824,\n",
      "         0.24294331,  0.04127639],\n",
      "       [-0.01274553, -0.01439624,  0.05541473,  0.02595161,  0.24294331,\n",
      "         0.24543983,  0.03061263],\n",
      "       [-0.03393127, -0.02297241, -0.00443904, -0.00784439,  0.04127639,\n",
      "         0.03061263,  0.24918679]])]\n",
      "Log like:-5250.5271456776145\n",
      "Log like:-5250.5271456776145\n",
      "Component: 2\n",
      "BIC: 10516.256096274314\n",
      "AIC: 10505.054291355229\n",
      "Weights:\n",
      "[0.57101801 0.13550279 0.2934792 ]\n",
      "Means:\n",
      "[[ 0.43345189  0.43345189  0.08196569  1.01137235  0.39443764  1.1514523\n",
      "   1.07614819]\n",
      " [ 0.23617007  0.76382993 -0.15380155  1.20294711  0.20182267  1.12912802\n",
      "   0.91880025]\n",
      " [ 0.60477696  0.49574237 -0.08846742  1.01365099 -0.86063522  0.\n",
      "   0.        ]]\n",
      "Covariances:\n",
      "[array([[ 0.24557235,  0.24557135, -0.13433236,  0.11240685, -0.07265909,\n",
      "        -0.02100568, -0.09956987],\n",
      "       [ 0.24557135,  0.24557235, -0.13433236,  0.11240685, -0.07265909,\n",
      "        -0.02100568, -0.09956987],\n",
      "       [-0.13433236, -0.13433236,  1.09474554,  0.43046152,  0.38219036,\n",
      "         0.06754586,  0.10736191],\n",
      "       [ 0.11240685,  0.11240685,  0.43046152,  0.38253724,  0.13802238,\n",
      "         0.0236817 , -0.00698456],\n",
      "       [-0.07265909, -0.07265909,  0.38219036,  0.13802238,  0.86921509,\n",
      "         0.20748697,  0.19656893],\n",
      "       [-0.02100568, -0.02100568,  0.06754586,  0.0236817 ,  0.20748697,\n",
      "         0.19162388,  0.07606164],\n",
      "       [-0.09956987, -0.09956987,  0.10736191, -0.00698456,  0.19656893,\n",
      "         0.07606164,  0.59929372]]), array([[ 0.18039477, -0.18039377, -0.00940171, -0.07007171, -0.08383253,\n",
      "        -0.02312883, -0.16902363],\n",
      "       [-0.18039377,  0.18039477,  0.00940171,  0.07007171,  0.08383253,\n",
      "         0.02312883,  0.16902363],\n",
      "       [-0.00940171,  0.00940171,  0.79829224,  0.31844331,  0.25697359,\n",
      "         0.001972  ,  0.03507144],\n",
      "       [-0.07007171,  0.07007171,  0.31844331,  0.28722501,  0.18659052,\n",
      "         0.02545403,  0.12348885],\n",
      "       [-0.08383253,  0.08383253,  0.25697359,  0.18659052,  0.70365543,\n",
      "         0.1893577 ,  0.14024614],\n",
      "       [-0.02312883,  0.02312883,  0.001972  ,  0.02545403,  0.1893577 ,\n",
      "         0.18629542,  0.02895558],\n",
      "       [-0.16902363,  0.16902363,  0.03507144,  0.12348885,  0.14024614,\n",
      "         0.02895558,  0.65024124]]), array([[ 2.39022788e-01,  1.10747601e-01, -4.35695256e-02,\n",
      "         8.20373546e-02,  1.46711561e-02,  0.00000000e+00,\n",
      "         0.00000000e+00],\n",
      "       [ 1.10747601e-01,  2.49982873e-01, -7.71836566e-02,\n",
      "         1.07376135e-01,  2.22690747e-04,  0.00000000e+00,\n",
      "         0.00000000e+00],\n",
      "       [-4.35695256e-02, -7.71836566e-02,  8.76969220e-01,\n",
      "         3.66707965e-01,  1.73613168e-01,  0.00000000e+00,\n",
      "         0.00000000e+00],\n",
      "       [ 8.20373546e-02,  1.07376135e-01,  3.66707965e-01,\n",
      "         3.33706762e-01,  1.06407599e-01,  0.00000000e+00,\n",
      "         0.00000000e+00],\n",
      "       [ 1.46711561e-02,  2.22690747e-04,  1.73613168e-01,\n",
      "         1.06407599e-01,  3.29084106e-01,  0.00000000e+00,\n",
      "         0.00000000e+00],\n",
      "       [ 0.00000000e+00,  0.00000000e+00,  0.00000000e+00,\n",
      "         0.00000000e+00,  0.00000000e+00,  1.00000000e-06,\n",
      "         0.00000000e+00],\n",
      "       [ 0.00000000e+00,  0.00000000e+00,  0.00000000e+00,\n",
      "         0.00000000e+00,  0.00000000e+00,  0.00000000e+00,\n",
      "         1.00000000e-06]])]\n",
      "Log like:3714.799855159791\n",
      "Log like:3714.799855159791\n",
      "Component: 3\n",
      "BIC: -7406.797002940956\n",
      "AIC: -7423.599710319582\n",
      "Weights:\n",
      "[0.48241955 0.37299137 0.10926424 0.03532485]\n",
      "Means:\n",
      "[[ 0.60142063  0.53193125 -0.14247274  1.00568803 -0.54817387  0.40716941\n",
      "   0.        ]\n",
      " [ 0.36144753  0.49286736  0.01503026  0.99385634  0.23137483  1.\n",
      "   1.37653968]\n",
      " [ 0.20015662  0.37364047  0.1837851   1.15556869  1.42012951  1.96347702\n",
      "   1.61559791]\n",
      " [ 0.28807379  0.43100418  1.2185287   1.58172708  0.65052262  0.7514351\n",
      "   1.38813079]]\n",
      "Covariances:\n",
      "[array([[ 2.39714856e-01,  1.10793664e-01, -5.96861960e-02,\n",
      "         7.22115358e-02, -4.52615306e-03, -6.20958428e-03,\n",
      "         0.00000000e+00],\n",
      "       [ 1.10793664e-01,  2.48981395e-01, -9.33389244e-02,\n",
      "         1.00770274e-01,  1.75603614e-02,  2.41046943e-02,\n",
      "         0.00000000e+00],\n",
      "       [-5.96861960e-02, -9.33389244e-02,  8.25212519e-01,\n",
      "         3.31127349e-01,  1.47274589e-01, -2.60914555e-02,\n",
      "         0.00000000e+00],\n",
      "       [ 7.22115358e-02,  1.00770274e-01,  3.31127349e-01,\n",
      "         3.09447372e-01,  9.14888217e-02, -8.32430358e-04,\n",
      "         0.00000000e+00],\n",
      "       [-4.52615306e-03,  1.75603614e-02,  1.47274589e-01,\n",
      "         9.14888217e-02,  4.47434538e-01,  2.18480960e-01,\n",
      "         0.00000000e+00],\n",
      "       [-6.20958428e-03,  2.41046943e-02, -2.60914555e-02,\n",
      "        -8.32430358e-04,  2.18480960e-01,  2.72409000e-01,\n",
      "         0.00000000e+00],\n",
      "       [ 0.00000000e+00,  0.00000000e+00,  0.00000000e+00,\n",
      "         0.00000000e+00,  0.00000000e+00,  0.00000000e+00,\n",
      "         1.00000000e-06]]), array([[ 2.30804213e-01,  1.68167625e-01, -1.13558178e-01,\n",
      "         7.99134448e-02, -4.74800038e-02,  2.08561249e-30,\n",
      "        -4.71915168e-02],\n",
      "       [ 1.68167625e-01,  2.49950125e-01, -1.27864751e-01,\n",
      "         1.16673984e-01, -5.11086627e-02,  2.93199205e-30,\n",
      "        -2.83692205e-02],\n",
      "       [-1.13558178e-01, -1.27864751e-01,  1.05716959e+00,\n",
      "         3.98003182e-01,  2.63579997e-01,  3.97876384e-31,\n",
      "        -7.42811886e-03],\n",
      "       [ 7.99134448e-02,  1.16673984e-01,  3.98003182e-01,\n",
      "         3.40800276e-01,  7.77204763e-02,  5.94355938e-30,\n",
      "        -2.38071549e-02],\n",
      "       [-4.74800038e-02, -5.11086627e-02,  2.63579997e-01,\n",
      "         7.77204763e-02,  5.07602444e-01,  1.41569969e-30,\n",
      "        -1.66025113e-02],\n",
      "       [ 2.10702643e-30,  2.93212424e-30,  4.82739054e-31,\n",
      "         5.94250190e-30,  1.39904440e-30,  1.00000000e-06,\n",
      "         7.79044603e-30],\n",
      "       [-4.71915168e-02, -2.83692205e-02, -7.42811886e-03,\n",
      "        -2.38071549e-02, -1.66025113e-02,  7.76295159e-30,\n",
      "         2.99316530e-01]]), array([[ 0.16009495,  0.11621827, -0.04668392,  0.08705732,  0.05140884,\n",
      "        -0.02006101, -0.00695198],\n",
      "       [ 0.11621827,  0.23403427, -0.08286045,  0.16033777,  0.01856723,\n",
      "        -0.02287638, -0.02723195],\n",
      "       [-0.04668392, -0.08286045,  0.69461394,  0.23964754,  0.46088357,\n",
      "         0.02320372,  0.03196929],\n",
      "       [ 0.08705732,  0.16033777,  0.23964754,  0.46987607,  0.18552578,\n",
      "        -0.06736389,  0.02256833],\n",
      "       [ 0.05140884,  0.01856723,  0.46088357,  0.18552578,  1.50622987,\n",
      "         0.03689722,  0.06376948],\n",
      "       [-0.02006101, -0.02287638,  0.02320372, -0.06736389,  0.03689722,\n",
      "         0.05348786, -0.01403938],\n",
      "       [-0.00695198, -0.02723195,  0.03196929,  0.02256833,  0.06376948,\n",
      "        -0.01403938,  0.23672774]]), array([[ 0.20508828,  0.16391154,  0.22755216,  0.17552505,  0.20491571,\n",
      "         0.21650304, -0.01919227],\n",
      "       [ 0.16391154,  0.24524058,  0.0829469 ,  0.16449066,  0.05809851,\n",
      "         0.1118083 ,  0.02571108],\n",
      "       [ 0.22755216,  0.0829469 ,  1.85910888,  0.86067147,  0.71897627,\n",
      "         0.84515566, -0.09501239],\n",
      "       [ 0.17552505,  0.16449066,  0.86067147,  0.52747902,  0.31477647,\n",
      "         0.44216395, -0.04017092],\n",
      "       [ 0.20491571,  0.05809851,  0.71897627,  0.31477647,  0.84925466,\n",
      "         0.68970609, -0.0963809 ],\n",
      "       [ 0.21650304,  0.1118083 ,  0.84515566,  0.44216395,  0.68970609,\n",
      "         0.93657169,  0.00404052],\n",
      "       [-0.01919227,  0.02571108, -0.09501239, -0.04017092, -0.0963809 ,\n",
      "         0.00404052,  0.23951157]])]\n",
      "Log like:-635.616305358587\n",
      "Log like:-635.616305358587\n",
      "Component: 4\n",
      "BIC: 1301.6362205553423\n",
      "AIC: 1279.232610717174\n",
      "Weights:\n",
      "[0.28774884 0.01934144 0.06266602 0.2157437  0.4145    ]\n",
      "Means:\n",
      "[[ 0.66116287  1.         -0.68240581  1.         -0.11813726  0.94073264\n",
      "   0.7906914 ]\n",
      " [ 1.          0.66393398  1.52013547  1.8965832   1.01604615  1.17398785\n",
      "   1.05029589]\n",
      " [ 0.50531387  1.          1.03527391  2.10410641  0.9281858   1.20965676\n",
      "   1.37499137]\n",
      " [ 1.          0.61760182 -0.04773503  1.17830804 -0.62210204  0.26324888\n",
      "   0.        ]\n",
      " [ 0.          0.          0.27112644  0.79010856  0.21807227  0.92762364\n",
      "   0.97708082]]\n",
      "Covariances:\n",
      "[array([[ 2.24027528e-01,  4.26301882e-31, -3.45324535e-02,\n",
      "         4.26301882e-31,  2.24136205e-02,  1.81458042e-02,\n",
      "        -2.22679905e-02],\n",
      "       [ 4.16706663e-31,  1.00000000e-06, -3.75241608e-31,\n",
      "         7.88860905e-31, -4.93468416e-32,  4.19448154e-31,\n",
      "         4.27672627e-31],\n",
      "       [-3.45324535e-02, -3.76612354e-31,  1.74072069e-01,\n",
      "        -3.76612354e-31,  6.39833495e-02,  1.49905652e-02,\n",
      "        -2.16573930e-03],\n",
      "       [ 4.16706663e-31,  7.88860905e-31, -3.75241608e-31,\n",
      "         1.00000000e-06, -4.93468416e-32,  4.19448154e-31,\n",
      "         4.27672627e-31],\n",
      "       [ 2.24136205e-02, -6.30542976e-32,  6.39833495e-02,\n",
      "        -6.30542976e-32,  5.69977809e-01,  2.17701755e-01,\n",
      "         1.66699699e-01],\n",
      "       [ 1.81458042e-02,  4.19448154e-31,  1.49905652e-02,\n",
      "         4.19448154e-31,  2.17701755e-01,  2.33081856e-01,\n",
      "         1.30341187e-01],\n",
      "       [-2.22679905e-02,  4.49604557e-31, -2.16573930e-03,\n",
      "         4.49604557e-31,  1.66699699e-01,  1.30341187e-01,\n",
      "         6.06834545e-01]]), array([[1.00000000e-06, 8.73942076e-31, 1.87945679e-30, 2.57039120e-30,\n",
      "        1.40532978e-30, 1.57206331e-30, 1.56971483e-30],\n",
      "       [8.73942076e-31, 2.23126650e-01, 5.72241326e-01, 2.75459916e-01,\n",
      "        3.14717636e-01, 6.76893955e-03, 1.69027386e-02],\n",
      "       [1.87945679e-30, 5.72241326e-01, 1.81058115e+00, 9.04374607e-01,\n",
      "        7.90263436e-01, 9.99356382e-02, 2.91121270e-02],\n",
      "       [2.57039120e-30, 2.75459916e-01, 9.04374607e-01, 5.06342104e-01,\n",
      "        4.19741823e-01, 9.55582943e-02, 5.20142809e-03],\n",
      "       [1.32375768e-30, 3.14717636e-01, 7.90263436e-01, 4.19741823e-01,\n",
      "        1.44839643e+00, 3.86335859e-01, 1.97068908e-01],\n",
      "       [1.56186680e-30, 6.76893955e-03, 9.99356382e-02, 9.55582943e-02,\n",
      "        3.86335859e-01, 3.46586231e-01, 4.15450183e-02],\n",
      "       [1.56971483e-30, 1.69027386e-02, 2.91121270e-02, 5.20142809e-03,\n",
      "        1.97068908e-01, 4.15450183e-02, 4.77672153e-02]]), array([[ 2.49972763e-01,  1.32041624e-30, -5.14807162e-02,\n",
      "        -4.35146349e-03,  6.35932373e-02,  6.38202483e-02,\n",
      "         1.29651423e-01],\n",
      "       [ 1.33143103e-30,  1.00000000e-06,  2.70908424e-30,\n",
      "         5.55238485e-30,  2.48522767e-30,  3.22819130e-30,\n",
      "         4.03736550e-30],\n",
      "       [-5.14807162e-02,  2.70908424e-30,  5.47239806e-01,\n",
      "        -7.58008066e-02, -1.65675431e-01, -8.76600339e-02,\n",
      "        -9.16057466e-02],\n",
      "       [-4.35146349e-03,  5.55907241e-30, -7.58008066e-02,\n",
      "         1.08463125e-01, -6.77791437e-02, -2.14445142e-02,\n",
      "         7.26136265e-02],\n",
      "       [ 6.35932373e-02,  2.47578642e-30, -1.65675431e-01,\n",
      "        -6.77791437e-02,  1.26995350e+00,  5.05006760e-01,\n",
      "         2.10102565e-01],\n",
      "       [ 6.38202483e-02,  3.24156641e-30, -8.76600339e-02,\n",
      "        -2.14445142e-02,  5.05006760e-01,  3.74404268e-01,\n",
      "         1.52808836e-01],\n",
      "       [ 1.29651423e-01,  4.03736550e-30, -9.16057466e-02,\n",
      "         7.26136265e-02,  2.10102565e-01,  1.52808836e-01,\n",
      "         4.74732720e-01]]), array([[ 1.00000000e-06,  8.04423931e-32, -7.31294483e-33,\n",
      "         1.68197731e-31, -1.22720355e-31,  3.10800155e-32,\n",
      "         0.00000000e+00],\n",
      "       [ 8.04423931e-32,  2.36170812e-01,  3.10607271e-03,\n",
      "         9.83130114e-02,  1.30793283e-02, -1.75299086e-02,\n",
      "         0.00000000e+00],\n",
      "       [-7.31294483e-33,  3.10607271e-03,  9.42414039e-01,\n",
      "         4.38526002e-01,  2.14806962e-01,  3.78233964e-02,\n",
      "         0.00000000e+00],\n",
      "       [ 1.57228314e-31,  9.83130114e-02,  4.38526002e-01,\n",
      "         3.59731237e-01,  1.43642253e-01,  1.53620486e-02,\n",
      "         0.00000000e+00],\n",
      "       [-1.31404477e-31,  1.30793283e-02,  2.14806962e-01,\n",
      "         1.43642253e-01,  4.08542965e-01,  1.59380786e-01,\n",
      "         0.00000000e+00],\n",
      "       [ 3.15370746e-32, -1.75299086e-02,  3.78233964e-02,\n",
      "         1.53620486e-02,  1.59380786e-01,  2.03058967e-01,\n",
      "         0.00000000e+00],\n",
      "       [ 0.00000000e+00,  0.00000000e+00,  0.00000000e+00,\n",
      "         0.00000000e+00,  0.00000000e+00,  0.00000000e+00,\n",
      "         1.00000000e-06]]), array([[1.00000000e-06, 0.00000000e+00, 0.00000000e+00, 0.00000000e+00,\n",
      "        0.00000000e+00, 0.00000000e+00, 0.00000000e+00],\n",
      "       [0.00000000e+00, 1.00000000e-06, 0.00000000e+00, 0.00000000e+00,\n",
      "        0.00000000e+00, 0.00000000e+00, 0.00000000e+00],\n",
      "       [0.00000000e+00, 0.00000000e+00, 9.66129307e-01, 5.12913124e-01,\n",
      "        3.05791591e-01, 7.35243489e-02, 6.86327935e-02],\n",
      "       [0.00000000e+00, 0.00000000e+00, 5.12913124e-01, 3.61254185e-01,\n",
      "        1.59689113e-01, 4.39161808e-02, 2.89650938e-02],\n",
      "       [0.00000000e+00, 0.00000000e+00, 3.05791591e-01, 1.59689113e-01,\n",
      "        1.10753771e+00, 4.54141634e-01, 4.14362600e-01],\n",
      "       [0.00000000e+00, 0.00000000e+00, 7.35243489e-02, 4.39161808e-02,\n",
      "        4.54141634e-01, 4.31433351e-01, 3.13178346e-01],\n",
      "       [0.00000000e+00, 0.00000000e+00, 6.86327935e-02, 2.89650938e-02,\n",
      "        4.14362600e-01, 3.13178346e-01, 6.88257376e-01]])]\n",
      "Log like:12033.599096487162\n",
      "Log like:12033.599096487162\n",
      "Component: 5\n",
      "BIC: -24029.193680676613\n",
      "AIC: -24057.198192974323\n",
      "Weights:\n",
      "[0.17599964 0.05250031 0.208333   0.089      0.4145     0.05966705]\n",
      "Means:\n",
      "[[ 1.          1.         -0.67260837  1.         -0.54363669  0.48011437\n",
      "   0.        ]\n",
      " [ 0.52381243  1.          0.51579679  1.63809143 -0.7575704   0.\n",
      "   0.        ]\n",
      " [ 0.63527585  1.         -0.17713255  1.27312359  0.10164678  1.\n",
      "   1.16250193]\n",
      " [ 1.          0.         -0.06511624  0.93258427 -0.60256172  0.37078652\n",
      "   0.07303371]\n",
      " [ 0.          0.          0.27112644  0.79010856  0.21807227  0.92762364\n",
      "   0.97708082]\n",
      " [ 0.53884216  1.          0.36226578  1.68043155  1.29909559  1.67876651\n",
      "   1.42980904]]\n",
      "Covariances:\n",
      "[array([[ 1.00000000e-06,  1.10933565e-31, -7.21349784e-32,\n",
      "         1.10933565e-31, -5.46264885e-33,  5.35059451e-32,\n",
      "         0.00000000e+00],\n",
      "       [ 1.10933565e-31,  1.00000000e-06, -7.21349784e-32,\n",
      "         1.10933565e-31, -5.46264885e-33,  5.35059451e-32,\n",
      "         0.00000000e+00],\n",
      "       [-7.35356576e-32, -7.35356576e-32,  1.85007104e-01,\n",
      "        -7.35356576e-32,  2.31361635e-02,  1.74578545e-03,\n",
      "         0.00000000e+00],\n",
      "       [ 1.10933565e-31,  1.10933565e-31, -7.21349784e-32,\n",
      "         1.00000000e-06, -5.46264885e-33,  5.35059451e-32,\n",
      "         0.00000000e+00],\n",
      "       [-1.26061127e-32, -1.26061127e-32,  2.31361635e-02,\n",
      "        -1.26061127e-32,  4.54864611e-01,  2.14353347e-01,\n",
      "         0.00000000e+00],\n",
      "       [ 5.50466923e-32,  5.50466923e-32,  1.74578545e-03,\n",
      "         5.50466923e-32,  2.14353347e-01,  2.66651051e-01,\n",
      "         0.00000000e+00],\n",
      "       [ 0.00000000e+00,  0.00000000e+00,  0.00000000e+00,\n",
      "         0.00000000e+00,  0.00000000e+00,  0.00000000e+00,\n",
      "         1.00000000e-06]]), array([[ 2.49433968e-01,  2.71404103e-31,  3.71973814e-01,\n",
      "         2.27661198e-01,  1.23598746e-01,  0.00000000e+00,\n",
      "         0.00000000e+00],\n",
      "       [ 2.71404103e-31,  1.00000000e-06,  1.99092283e-31,\n",
      "         7.23118198e-31, -2.70464988e-31,  0.00000000e+00,\n",
      "         0.00000000e+00],\n",
      "       [ 3.71973814e-01,  1.87822909e-31,  1.14325215e+00,\n",
      "         5.08190438e-01,  2.74018854e-01,  0.00000000e+00,\n",
      "         0.00000000e+00],\n",
      "       [ 2.27661198e-01,  7.23118198e-31,  5.08190438e-01,\n",
      "         3.07121779e-01,  1.61340380e-01,  0.00000000e+00,\n",
      "         0.00000000e+00],\n",
      "       [ 1.23598746e-01, -2.55439156e-31,  2.74018854e-01,\n",
      "         1.61340380e-01,  3.86528336e-01,  0.00000000e+00,\n",
      "         0.00000000e+00],\n",
      "       [ 0.00000000e+00,  0.00000000e+00,  0.00000000e+00,\n",
      "         0.00000000e+00,  0.00000000e+00,  1.00000000e-06,\n",
      "         0.00000000e+00],\n",
      "       [ 0.00000000e+00,  0.00000000e+00,  0.00000000e+00,\n",
      "         0.00000000e+00,  0.00000000e+00,  0.00000000e+00,\n",
      "         1.00000000e-06]]), array([[ 2.31701445e-01,  1.18329327e-32,  4.26801044e-03,\n",
      "         2.04402658e-02,  4.53665387e-03,  1.18329327e-32,\n",
      "         4.01004865e-02],\n",
      "       [ 1.19512620e-32,  1.00000000e-06, -1.15666917e-32,\n",
      "         5.80405347e-32,  1.16554387e-32,  4.93038066e-32,\n",
      "         4.49651441e-32],\n",
      "       [ 4.26801044e-03, -9.58467545e-33,  1.08332566e+00,\n",
      "         4.62341842e-01,  3.27914443e-01, -9.58467545e-33,\n",
      "        -1.16028282e-01],\n",
      "       [ 2.04402658e-02,  5.36031849e-32,  4.62341842e-01,\n",
      "         2.51213648e-01,  1.38791222e-01,  5.36031849e-32,\n",
      "        -5.67783862e-02],\n",
      "       [ 4.53665387e-03,  1.14187800e-32,  3.27914443e-01,\n",
      "         1.38791222e-01,  3.90083984e-01,  1.14187800e-32,\n",
      "         8.90026482e-03],\n",
      "       [ 1.19512620e-32,  4.93038066e-32, -1.15666917e-32,\n",
      "         5.80405347e-32,  1.16554387e-32,  1.00000000e-06,\n",
      "         4.49651441e-32],\n",
      "       [ 4.01004865e-02,  4.44918268e-32, -1.16028282e-01,\n",
      "        -5.67783862e-02,  8.90026482e-03,  4.44918268e-32,\n",
      "         4.48076945e-01]]), array([[ 1.00000000e-06,  0.00000000e+00,  0.00000000e+00,\n",
      "         0.00000000e+00,  0.00000000e+00,  0.00000000e+00,\n",
      "         0.00000000e+00],\n",
      "       [ 0.00000000e+00,  1.00000000e-06,  0.00000000e+00,\n",
      "         0.00000000e+00,  0.00000000e+00,  0.00000000e+00,\n",
      "         0.00000000e+00],\n",
      "       [ 0.00000000e+00,  0.00000000e+00,  6.89427989e-01,\n",
      "         2.97647218e-01,  1.08146934e-01, -5.16129446e-02,\n",
      "        -8.58240299e-03],\n",
      "       [ 0.00000000e+00,  0.00000000e+00,  2.97647218e-01,\n",
      "         3.10062861e-01,  1.09225365e-01, -8.71102134e-03,\n",
      "         1.05415983e-02],\n",
      "       [ 0.00000000e+00,  0.00000000e+00,  1.08146934e-01,\n",
      "         1.09225365e-01,  3.22642997e-01,  1.74696974e-01,\n",
      "         4.98186470e-02],\n",
      "       [ 0.00000000e+00,  0.00000000e+00, -5.16129446e-02,\n",
      "        -8.71102134e-03,  1.74696974e-01,  2.55776786e-01,\n",
      "         5.71897488e-02],\n",
      "       [ 0.00000000e+00,  0.00000000e+00, -8.58240299e-03,\n",
      "         1.05415983e-02,  4.98186470e-02,  5.71897488e-02,\n",
      "         6.77007854e-02]]), array([[1.00000000e-06, 0.00000000e+00, 0.00000000e+00, 0.00000000e+00,\n",
      "        0.00000000e+00, 0.00000000e+00, 0.00000000e+00],\n",
      "       [0.00000000e+00, 1.00000000e-06, 0.00000000e+00, 0.00000000e+00,\n",
      "        0.00000000e+00, 0.00000000e+00, 0.00000000e+00],\n",
      "       [0.00000000e+00, 0.00000000e+00, 9.66129307e-01, 5.12913124e-01,\n",
      "        3.05791591e-01, 7.35243489e-02, 6.86327935e-02],\n",
      "       [0.00000000e+00, 0.00000000e+00, 5.12913124e-01, 3.61254185e-01,\n",
      "        1.59689113e-01, 4.39161808e-02, 2.89650938e-02],\n",
      "       [0.00000000e+00, 0.00000000e+00, 3.05791591e-01, 1.59689113e-01,\n",
      "        1.10753771e+00, 4.54141634e-01, 4.14362600e-01],\n",
      "       [0.00000000e+00, 0.00000000e+00, 7.35243489e-02, 4.39161808e-02,\n",
      "        4.54141634e-01, 4.31433351e-01, 3.13178346e-01],\n",
      "       [0.00000000e+00, 0.00000000e+00, 6.86327935e-02, 2.89650938e-02,\n",
      "        4.14362600e-01, 3.13178346e-01, 6.88257376e-01]]), array([[ 2.48492287e-01,  9.39230074e-31,  1.72023340e-01,\n",
      "         7.90615074e-02,  1.72209502e-01,  3.64840331e-02,\n",
      "         2.21211354e-02],\n",
      "       [ 9.39229267e-31,  1.00000000e-06,  6.36813948e-31,\n",
      "         2.98136826e-30,  2.15993949e-30,  3.20832198e-30,\n",
      "         2.44250397e-30],\n",
      "       [ 1.72023340e-01,  6.36813948e-31,  1.35924645e+00,\n",
      "         5.31544949e-01,  3.56843547e-01, -2.74869904e-02,\n",
      "        -6.07354253e-02],\n",
      "       [ 7.90615074e-02,  2.98136826e-30,  5.31544949e-01,\n",
      "         5.36279062e-01,  1.49172834e-01, -6.80019524e-02,\n",
      "         8.60169709e-02],\n",
      "       [ 1.72209502e-01,  2.15993706e-30,  3.56843547e-01,\n",
      "         1.49172834e-01,  1.56826863e+00,  3.94072446e-01,\n",
      "         1.45195821e-02],\n",
      "       [ 3.64840331e-02,  3.20832198e-30, -2.74869904e-02,\n",
      "        -6.80019524e-02,  3.94072446e-01,  5.02958034e-01,\n",
      "        -4.87247245e-02],\n",
      "       [ 2.21211354e-02,  2.44250397e-30, -6.07354253e-02,\n",
      "         8.60169709e-02,  1.45195821e-02, -4.87247245e-02,\n",
      "         3.62461996e-01]])]\n",
      "Log like:17127.800985580427\n",
      "Log like:17127.800985580427\n",
      "Component: 6\n",
      "BIC: -34209.9965564036\n",
      "AIC: -34243.60197116085\n",
      "Weights:\n",
      "[0.06400243 0.0665     0.29349364 0.02701137 0.35558354 0.15289469\n",
      " 0.04051433]\n",
      "Means:\n",
      "[[ 0.10155879  0.89844121 -0.54032781  1.0078122   0.1555012   1.17182463\n",
      "   1.40619234]\n",
      " [ 1.          1.         -0.71225281  1.         -0.09200251  1.\n",
      "   1.        ]\n",
      " [ 0.60478254  0.4957418  -0.08848618  1.01363834 -0.86062087  0.\n",
      "   0.        ]\n",
      " [ 0.11141399  1.          0.9766587   2.24062955  1.00954706  1.24060504\n",
      "   1.49983316]\n",
      " [ 0.24183947  0.24183947  0.35406974  1.00421359  0.66623414  1.24325473\n",
      "   1.52422052]\n",
      " [ 0.66707582  0.65729194 -0.37117765  1.         -0.12449391  1.\n",
      "   0.        ]\n",
      " [ 0.38268512  0.33317995  0.30572078  0.96267612  0.08924711  1.\n",
      "   0.        ]]\n",
      "Covariances:\n",
      "[array([[ 0.0912456 , -0.0912446 ,  0.03632734,  0.00701881, -0.00771152,\n",
      "        -0.00182603, -0.04125255],\n",
      "       [-0.0912446 ,  0.0912456 , -0.03632734, -0.00701881,  0.00771152,\n",
      "         0.00182603,  0.04125255],\n",
      "       [ 0.03632734, -0.03632734,  0.24387068,  0.01828402,  0.09383759,\n",
      "         0.02550653, -0.04006797],\n",
      "       [ 0.00701881, -0.00701881,  0.01828402,  0.00775217, -0.00277736,\n",
      "        -0.00134233, -0.00317326],\n",
      "       [-0.00771152,  0.00771152,  0.09383759, -0.00277736,  0.46479297,\n",
      "         0.12693269, -0.11113839],\n",
      "       [-0.00182603,  0.00182603,  0.02550653, -0.00134233,  0.12693269,\n",
      "         0.25175655, -0.07756416],\n",
      "       [-0.04125255,  0.04125255, -0.04006797, -0.00317326, -0.11113839,\n",
      "        -0.07756416,  0.30378319]]), array([[ 1.00000000e-06,  1.97215226e-31, -9.49005600e-32,\n",
      "         1.97215226e-31, -1.33453913e-32,  1.97215226e-31,\n",
      "         1.97215226e-31],\n",
      "       [ 1.97215226e-31,  1.00000000e-06, -9.49005600e-32,\n",
      "         1.97215226e-31, -1.33453913e-32,  1.97215226e-31,\n",
      "         1.97215226e-31],\n",
      "       [-9.63833813e-32, -9.63833813e-32,  1.56028942e-01,\n",
      "        -9.63833813e-32,  6.85012093e-02, -9.63833813e-32,\n",
      "        -9.63833813e-32],\n",
      "       [ 1.97215226e-31,  1.97215226e-31, -9.49005600e-32,\n",
      "         1.00000000e-06, -1.33453913e-32,  1.97215226e-31,\n",
      "         1.97215226e-31],\n",
      "       [-8.52622219e-33, -8.52622219e-33,  6.85012093e-02,\n",
      "        -8.52622219e-33,  2.52683850e-01, -8.52622219e-33,\n",
      "        -8.52622219e-33],\n",
      "       [ 1.97215226e-31,  1.97215226e-31, -9.49005600e-32,\n",
      "         1.97215226e-31, -1.33453913e-32,  1.00000000e-06,\n",
      "         1.97215226e-31],\n",
      "       [ 1.97215226e-31,  1.97215226e-31, -9.49005600e-32,\n",
      "         1.97215226e-31, -1.33453913e-32,  1.97215226e-31,\n",
      "         1.00000000e-06]]), array([[ 2.39021619e-01,  1.10754545e-01, -4.35701101e-02,\n",
      "         8.20431222e-02,  1.46755269e-02,  0.00000000e+00,\n",
      "         0.00000000e+00],\n",
      "       [ 1.10754545e-01,  2.49982868e-01, -7.71838404e-02,\n",
      "         1.07380512e-01,  2.10648700e-04,  0.00000000e+00,\n",
      "         0.00000000e+00],\n",
      "       [-4.35701101e-02, -7.71838404e-02,  8.76962442e-01,\n",
      "         3.66704489e-01,  1.73590247e-01,  0.00000000e+00,\n",
      "         0.00000000e+00],\n",
      "       [ 8.20431222e-02,  1.07380512e-01,  3.66704489e-01,\n",
      "         3.33711913e-01,  1.06384781e-01,  0.00000000e+00,\n",
      "         0.00000000e+00],\n",
      "       [ 1.46755269e-02,  2.10648700e-04,  1.73590247e-01,\n",
      "         1.06384781e-01,  3.29127389e-01,  0.00000000e+00,\n",
      "         0.00000000e+00],\n",
      "       [ 0.00000000e+00,  0.00000000e+00,  0.00000000e+00,\n",
      "         0.00000000e+00,  0.00000000e+00,  1.00000000e-06,\n",
      "         0.00000000e+00],\n",
      "       [ 0.00000000e+00,  0.00000000e+00,  0.00000000e+00,\n",
      "         0.00000000e+00,  0.00000000e+00,  0.00000000e+00,\n",
      "         1.00000000e-06]]), array([[ 9.90019157e-02,  2.04105297e-32, -1.55001988e-01,\n",
      "         8.42549975e-02, -4.14589491e-02, -2.68420056e-02,\n",
      "         5.54807307e-02],\n",
      "       [ 2.31475860e-32,  1.00000000e-06,  1.09196568e-31,\n",
      "         1.78814185e-31,  1.34726958e-31,  1.28974546e-32,\n",
      "         5.46128045e-32],\n",
      "       [-1.55001988e-01,  1.09196568e-31,  7.97704966e-01,\n",
      "        -2.12607292e-01, -2.11029286e-01, -1.58995816e-01,\n",
      "        -1.95186857e-01],\n",
      "       [ 8.42549975e-02,  1.78813740e-31, -2.12607292e-01,\n",
      "         1.82748016e-01, -1.01169910e-01, -3.93906247e-02,\n",
      "         1.20364940e-01],\n",
      "       [-4.14589491e-02,  1.34726958e-31, -2.11029286e-01,\n",
      "        -1.01169910e-01,  1.25604228e+00,  5.10710438e-01,\n",
      "         6.70004733e-03],\n",
      "       [-2.68420056e-02,  1.10721562e-32, -1.58995816e-01,\n",
      "        -3.93906247e-02,  5.10710438e-01,  3.67967156e-01,\n",
      "        -9.17066113e-03],\n",
      "       [ 5.54807307e-02,  5.82634013e-32, -1.95186857e-01,\n",
      "         1.20364940e-01,  6.70004733e-03, -9.17066113e-03,\n",
      "         2.87146029e-01]]), array([[ 0.18335414,  0.18335314,  0.00324572,  0.13114003,  0.0313778 ,\n",
      "         0.01288674,  0.01663098],\n",
      "       [ 0.18335314,  0.18335414,  0.00324572,  0.13114003,  0.0313778 ,\n",
      "         0.01288674,  0.01663098],\n",
      "       [ 0.00324572,  0.00324572,  1.17944697,  0.57501272,  0.33717778,\n",
      "         0.04178657, -0.08538081],\n",
      "       [ 0.13114003,  0.13114003,  0.57501272,  0.45980632,  0.18971184,\n",
      "         0.03976381, -0.03176749],\n",
      "       [ 0.0313778 ,  0.0313778 ,  0.33717778,  0.18971184,  1.0503488 ,\n",
      "         0.26422614, -0.01174914],\n",
      "       [ 0.01288674,  0.01288674,  0.04178657,  0.03976381,  0.26422614,\n",
      "         0.27971003,  0.01310307],\n",
      "       [ 0.01663098,  0.01663098, -0.08538081, -0.03176749, -0.01174914,\n",
      "         0.01310307,  0.27806004]]), array([[ 2.22086672e-01,  9.45638597e-02, -1.32689729e-01,\n",
      "         2.17344140e-31, -2.34837228e-02,  2.17344140e-31,\n",
      "         0.00000000e+00],\n",
      "       [ 9.45638597e-02,  2.25260245e-01, -1.92190872e-01,\n",
      "         1.93803899e-31, -2.72155313e-02,  1.93803899e-31,\n",
      "         0.00000000e+00],\n",
      "       [-1.32689729e-01, -1.92190872e-01,  4.24996780e-01,\n",
      "        -9.73856530e-32,  7.08304208e-02, -9.73856530e-32,\n",
      "         0.00000000e+00],\n",
      "       [ 2.19278954e-31,  1.92917109e-31, -9.48059006e-32,\n",
      "         1.00000000e-06, -3.80513479e-32,  3.08148791e-31,\n",
      "         0.00000000e+00],\n",
      "       [-2.34837228e-02, -2.72155313e-02,  7.08304208e-02,\n",
      "        -3.54715955e-32,  2.02375384e-01, -3.54715955e-32,\n",
      "         0.00000000e+00],\n",
      "       [ 2.19278954e-31,  1.92917109e-31, -9.48059006e-32,\n",
      "         3.08148791e-31, -3.80513479e-32,  1.00000000e-06,\n",
      "         0.00000000e+00],\n",
      "       [ 0.00000000e+00,  0.00000000e+00,  0.00000000e+00,\n",
      "         0.00000000e+00,  0.00000000e+00,  0.00000000e+00,\n",
      "         1.00000000e-06]]), array([[2.36238218e-01, 1.31652710e-01, 2.21960189e-01, 2.73377640e-01,\n",
      "        3.40229979e-02, 2.84765710e-31, 0.00000000e+00],\n",
      "       [1.31652710e-01, 2.22172072e-01, 3.52422722e-01, 4.31928705e-01,\n",
      "        1.19084627e-01, 1.84976017e-31, 0.00000000e+00],\n",
      "       [2.21960189e-01, 3.52422722e-01, 1.50073285e+00, 1.30398456e+00,\n",
      "        3.47122584e-01, 2.14182756e-31, 0.00000000e+00],\n",
      "       [2.73377640e-01, 4.31928705e-01, 1.30398456e+00, 1.29411885e+00,\n",
      "        3.18169986e-01, 6.62019428e-31, 0.00000000e+00],\n",
      "       [3.40229979e-02, 1.19084627e-01, 3.47122584e-01, 3.18169986e-01,\n",
      "        2.70287948e-01, 1.07091378e-31, 0.00000000e+00],\n",
      "       [2.85982657e-31, 1.84976017e-31, 2.14182756e-31, 6.03605949e-31,\n",
      "        1.02223588e-31, 1.00000000e-06, 0.00000000e+00],\n",
      "       [0.00000000e+00, 0.00000000e+00, 0.00000000e+00, 0.00000000e+00,\n",
      "        0.00000000e+00, 0.00000000e+00, 1.00000000e-06]])]\n",
      "Log like:11908.525784910846\n",
      "Log like:11908.525784910846\n",
      "Component: 7\n",
      "BIC: -23763.845252604897\n",
      "AIC: -23803.05156982169\n",
      "Weights:\n",
      "[0.35339103 0.04311052 0.00649531 0.1892558  0.1093907  0.04349797\n",
      " 0.08234464 0.17251404]\n",
      "Means:\n",
      "[[ 0.64424235  0.59840623 -0.3099974   1.         -0.56091659  0.43988078\n",
      "   0.        ]\n",
      " [ 0.05799052  0.94200948  0.58595408  1.73068038  0.62432586  1.31298434\n",
      "   1.26682596]\n",
      " [ 0.38423016  0.61516599  1.34747879  2.          4.14436292  1.84606987\n",
      "   1.61516599]\n",
      " [ 0.          0.          0.35993751  0.84652495  0.67155778  1.27803071\n",
      "   1.66732219]\n",
      " [ 0.15083549  0.          0.06891645  0.64330387 -0.15077938  0.64330387\n",
      "   0.64330387]\n",
      " [ 0.75861069  0.67814687  1.32824186  2.         -0.48729473  0.\n",
      "   0.        ]\n",
      " [ 1.          1.          0.78201945  1.83194592  0.93129805  1.2349999\n",
      "   1.13876823]\n",
      " [ 0.53614293  0.74532919 -0.708886    0.74532919 -0.12581273  1.\n",
      "   1.12571799]]\n",
      "Covariances:\n",
      "[array([[ 2.29195145e-01,  9.45995721e-02, -1.35208746e-01,\n",
      "         2.48897068e-31, -2.53540841e-02, -3.75394741e-03,\n",
      "         0.00000000e+00],\n",
      "       [ 9.45995721e-02,  2.40317213e-01, -2.06919287e-01,\n",
      "         2.02926450e-31, -1.67060298e-02,  2.29423095e-02,\n",
      "         0.00000000e+00],\n",
      "       [-1.35208746e-01, -2.06919287e-01,  4.50743270e-01,\n",
      "        -1.13845296e-31,  5.10830379e-02, -2.50131617e-02,\n",
      "         0.00000000e+00],\n",
      "       [ 2.48897068e-31,  2.02786933e-31, -1.14961426e-31,\n",
      "         1.00000000e-06, -1.61978417e-31,  1.63234064e-31,\n",
      "         0.00000000e+00],\n",
      "       [-2.53540841e-02, -1.67060298e-02,  5.10830379e-02,\n",
      "        -1.58211477e-31,  3.85342278e-01,  2.09219605e-01,\n",
      "         0.00000000e+00],\n",
      "       [-3.75394741e-03,  2.29423095e-02, -2.50131617e-02,\n",
      "         1.61490110e-31,  2.09219605e-01,  2.70153143e-01,\n",
      "         0.00000000e+00],\n",
      "       [ 0.00000000e+00,  0.00000000e+00,  0.00000000e+00,\n",
      "         0.00000000e+00,  0.00000000e+00,  0.00000000e+00,\n",
      "         1.00000000e-06]]), array([[ 0.05462862, -0.05462762,  0.03774321,  0.01561795, -0.03795481,\n",
      "        -0.00655203, -0.03866961],\n",
      "       [-0.05462762,  0.05462862, -0.03774321, -0.01561795,  0.03795481,\n",
      "         0.00655203,  0.03866961],\n",
      "       [ 0.03774321, -0.03774321,  1.154676  ,  0.4466598 ,  0.04130195,\n",
      "        -0.26413501, -0.18305903],\n",
      "       [ 0.01561795, -0.01561795,  0.4466598 ,  0.4055533 ,  0.04419991,\n",
      "        -0.12430893, -0.02099333],\n",
      "       [-0.03795481,  0.03795481,  0.04130195,  0.04419991,  0.77955865,\n",
      "         0.29858252, -0.07942201],\n",
      "       [-0.00655203,  0.00655203, -0.26413501, -0.12430893,  0.29858252,\n",
      "         0.47068473, -0.0021614 ],\n",
      "       [-0.03866961,  0.03866961, -0.18305903, -0.02099333, -0.07942201,\n",
      "        -0.0021614 ,  0.40509071]]), array([[ 2.36598345e-01,  1.47864835e-01, -2.24829463e-02,\n",
      "         0.00000000e+00,  1.86210128e-02,  5.91445973e-02,\n",
      "         1.47864835e-01],\n",
      "       [ 1.47864835e-01,  2.36737795e-01, -1.87327826e-01,\n",
      "         0.00000000e+00,  2.70540867e-02,  9.46925781e-02,\n",
      "         2.36736795e-01],\n",
